FIPS <- c(
  001, 003, 005, 007, 009, 011, 013, 015, 017, 019, 021, 023, 025, 027,
  029, 031, 033, 035, 037, 039, 041, 043, 045
)

sq_km <- c(
  11159.62777, 8181.628401, 12449.05201, 20626.56511, 11046.45331,
  7421.206467, 23998.20076, 5781.302575, 5196.563034, 10812.1509,
  6960.769524, 10606.93348, 13922.93128, 6806.319821, 18045.40992,
  5467.064538, 6545.102563, 12783.35497, 27171.76157, 10920.23509,
  5406.800065, 5808.576111, 6216.071626
)

CountyName <- c(
  "Albany", "Big Horn", "Campbell", "Carbon", "Converse", "Crook",
  "Fremont", "Goshen", "Hot Springs", "Johnson", "Laramie", "Lincoln",
  "Natrona", "Niobrara", "Park", "Platte", "Sheridan", "Sublette",
  "Sweetwater", "Teton", "Uinta", "Washakie", "Weston"
)